       2       3       8
       2       9       8
       1       5       5
       8       0       1
      10       2       3
       9       4       2
       1      13       3
       1      10       5
       6       1       6
       5       5       8
       9       2       3
       2       3      10
      10       0       3
       3      10       0
       7       0       5
      10       1       1
       9       1      10
       5       0       7
       4       8       7
       7       6       2
       2       7       5
       1       1       0
      11       0       3
       4       3       0
       2       7       2
       4       1       5
       7       5       2
       3       1      12
       8       0       3
       3       8       2
       3       7       5
       3       5       2
       8       2       0
       1       5       6
       5      11       3
       5       4       1
       6       3       1
       9       9       1
       6       4       8
       4       3       8
       7       5       2
       9       8       3
       2      16       1
      12       5       1
       3       5       8
       6       9       2
       1       2       0
       2       1       4
       1       3       5
       9       4       6
