      13       4       1
       6       4       6
       5       2       7
       8       0       7
       5       2       9
       6       7       1
       6       3       2
       2       5      11
      11       1       0
       2       2       1
      10       0       3
       7       0       4
       5      11       3
       9       1       1
      10       7       1
       5       7       6
       7       9       1
       6       0       4
       1      13       4
      10       1       6
      10       5       1
      14       1       1
       2       4       2
      11       3       2
      11       2       3
       1       6       5
       2       5       1
       4       5       3
      13       4       1
       8       6       1
       2       2       0
       0       7       0
      11       4       5
       3       1       7
       2       4       1
       8       1       3
       0      11       1
       4       9       6
       1      11       2
       4       7       4
       1      12       1
       8       3       6
      12       4       0
       6       8       5
       4       2       2
      12       0       0
       8       7       4
       4      14       1
       0       5       3
       9       4       5
