      18       1       0
       8       7       2
       3       3       5
       6       5       5
       1       0       6
       9       7       4
       2       2      13
       7       8       3
      11       1       7
       9       6       4
       0       3       1
      10       5       1
      16       1       3
       4       2       8
       3      11       2
       9       1       6
       5       4       4
      12       3       1
       2       0       7
       4       4       5
       1       6      11
       0       2       8
       4       5       8
       5       0       6
       1       3       7
       2      10       4
       0       2       5
       3       5       5
       7      11       0
       1       5       6
       6       4       1
       2       1       4
      16       1       1
       7       1       8
       3      11       4
       1       8       9
       4       7       1
       2      11       6
       5       1      13
       2       4       5
       3       8       4
       2      17       0
       3       2       8
       9       6       4
       5       4       3
       4      11       1
       2       2       2
       9       3       6
       4       5       9
       2       3       3
