       5      11       3
       2       1       9
       9       1       0
      11       6       2
       4       3       4
       6       1       9
       3       8       4
       7       1       6
       5       0       3
       8       6       5
       4       9       0
      16       2       1
       2       0       1
       0       3      11
       1       3       5
       8       0       6
       4       1      10
       5      10       1
       1       1       3
       5       1       8
       2       0      10
      11       4       3
       1       1       8
       6       5       2
      11       4       5
       9       3       8
       1       2      13
       6       4       3
       6       4       9
       7       5       1
       9       1       8
      12       3       3
       0      11       4
       5      12       0
       9       6       3
       4      10       5
       7       3       4
       7       7       6
       1       2       1
       3       3      11
      16       2       0
       7       0       8
       1      11       6
       2      14       1
       1      16       3
      11       6       0
      12       2       4
       5       8       4
       4       7       5
      10       4       6
