       3       4      12
      12       6       2
       3       5      11
      11       7       0
       8       1       9
       1      12       3
       3       1       2
       4      12       0
       4       7       8
       4       6       4
       2       0       1
       3       5       5
      16       1       2
      11       5       3
       1       5       3
       2       7      11
       6       3       5
       4       3      11
       0       7       5
       9      10       0
      10       2       4
       0       5       9
      14       3       1
      12       7       0
      10       7       2
       1       1      14
       2       2       7
      15       1       2
       2       5      12
       8       7       3
       9       2       1
       6      12       1
       6       3       7
       1      13       1
       4       0      10
       1       9       6
       9       0       3
       5       7       2
      10       4       5
      12       4       1
       3       8       5
       4       1      14
       6       1      10
       1      13       2
       7       8       2
       1       2      16
       2      10       8
       6      13       1
       8       8       4
       8       5       6
