       3      11       3
       8       6       6
       5       8       1
       1       5       1
       7       5       7
       4       1      11
       3       1       3
       9       4       3
      12       0       0
      10       6       0
       9       2       6
       4       5       4
       9       6       3
       2       6      10
       7       8       1
       5       9       5
       3       1      16
       2       3       8
       6       1       4
       4       1       6
      13       4       2
       2       9       3
       6       8       3
       4       3      11
       1       7       9
       2       0      12
       0       7       3
       5       1      12
      11       1       5
       6       6       4
       0       0       2
       4       3      12
       1       8       2
       6       1       0
       1       2      12
       1       6      11
       4      13       2
       3       5       7
       4       3       5
       3      16       1
      10       4       5
       7       7       1
       1      14       4
       2       0       7
       5       9       4
       7       2       8
      14       1       3
       5       0       2
       1       1       4
       3      13       1
