      10       6       4
      11       0       2
       5      10       2
       1       3       7
       3       1       7
       3       3       1
       7      10       0
       4       1       8
       6       7       2
       3      14       1
       1      11       5
       8       3       0
      14       0       5
       3      10       1
       0       4       0
       1       1      10
       5       1       3
       0       0      15
       2       3      14
       7       5       6
       8       2       8
       3       4      12
       8       7       2
       0       2      15
       3       5       2
       6       3       2
       5       3       5
      13       2       2
       4       0       1
       3       5       1
       3       8       4
       3       1      13
       2       5       9
       0      10       6
       3       3       4
       4      10       1
       0      10       6
       3       9       3
       9       1       6
      14       2       1
       4       2       9
       5       5       9
       7       8       5
       2      15       3
       1       7       2
       7       9       3
       7       2       0
      12       3       4
       3       3       8
       1       8       4
