       5       8       3
      11       2       4
       3       5       8
       1       2       0
       9       5       1
       6      11       2
       3       1       9
       1       2      11
       2      13       0
       8       2       3
       7       4       9
       5       1       1
      14       3       3
       4       6       8
       8       7       3
       0      14       3
       3       8       9
       7       3       2
      11       1       2
       3       5       8
       5       3       9
       2       6       7
       4       2      12
       5       4       2
       9       2       7
       4       5       1
       6       5       6
       1       3       1
       0      12       5
       1       4      11
       2      16       1
       4      11       1
       2       3      11
      10       1       2
       3       4       9
       4       2      14
       7       7       4
      11       1       5
       5       1       6
       4       4       5
       3       9       1
       4      13       1
       4       8       8
       2       4      12
       6       5       1
       4       2       9
      10       1       9
       3       3       9
       2       1       7
       5       8       2
