       1       2       1
      13       1       1
       0       1       3
       9       5       5
      10       5       5
      10       1       2
       3       1       2
       2      14       1
       3      10       3
       1       6       4
       0       1       9
       8       3       6
       5       4       4
       3       0      12
       0       1      10
       5       9       4
      10       5       3
      13       0       4
       2       3      15
      18       0       1
       5       2       7
       5      10       3
       2       7      11
       4       1       2
       1      16       1
       1       6       5
       4       8       3
       2      11       4
       7       4       1
       1       2       1
       4       9       3
       4       2       8
       2       5       7
       2       1       2
       1       5       3
       1       1       7
       5       8       5
      13       3       1
      18       2       0
       2       7       2
       9       5       5
       2      10       1
       6       9       5
       1       1      17
       0      11       7
       7       3       9
       1       7       6
      11       1       8
      10       5       4
       6       2       5
