       5       7       5
       0       1       8
       2       7       7
       4       3       7
       4       2      11
       1       9       6
       0       1      10
       2       4      12
      11       4       6
       2       7       9
       5       6       7
       1      17       2
       2       5      11
       6       0      10
       7       2       8
       5       8       5
      11       3       0
       3       9       6
       5       1       2
       5       1       6
       2       9       5
       1       3       8
       1      12       2
       2       9       5
       6       7       4
       2       7      10
       3       3       7
       6       6       8
       5       6       7
       2       3       4
       1       5       4
       3       1      11
       1       2      17
      18       1       1
       2      13       0
       6       6       7
       9       4       4
       5       1       7
      11       4       1
       2       9       7
       0       3      11
       1       9       3
       1       2       2
       8       2       2
       5       2       0
       2       1      16
       7       0       4
       0       4      14
       7       6       3
      11       2       2
