       5       0      13
       0      12       5
      19       1       0
       4       2       5
       3       5       9
       1       5      14
       7       1      10
       2       8       3
       3       7       8
       5       4       3
       1       5       2
       3      12       1
       1       4       2
       8       4       6
       1       7       0
       4      15       1
      13       4       2
       5      11       1
       4       1      14
       0       6      14
      14       0       3
       6       1      11
       6       0       4
       4       5       4
       4       3       3
       3       7       1
      18       1       0
       5       5       4
       2       9       8
      10       4       1
       3       7      10
       9       3       7
       6       6       7
      10       4       6
       1       1       6
       9      10       0
       4       3       5
       3       6       9
       0       4       7
      10       2       5
       8       3       2
       1       1       4
       0       6       6
       0       6       5
      12       4       4
       0      13       1
       4       7       8
       3       0      10
       6       6       7
       5       5       3
