       4       4       1
      10       7       1
       0       4      14
       5       8       2
       7       7       3
       4      10       3
       8       4       6
       0       4       9
       2       0      17
      12       1       1
      13       3       1
       1       4       3
       7       7       5
       7      10       2
       3       2       0
       6       3       6
       6       2       2
       4       8       3
       1       7       5
       4       9       3
      17       0       1
       3       3       9
       3       2       4
       4       2       8
      12       4       2
       4       7       7
      16       1       2
       7       3       3
       1      13       2
       0       3       2
       2       7       3
      10       3       3
       3       3      12
       2      10       6
       7       0       9
       7       1       9
       2       2      14
       5       4       7
      14       1       4
       0       7      10
       0       6       2
       2       0       6
       5       7       4
       4       2      11
       8       4       6
       1       7       2
       6       2       6
       0       8       1
      11       2       3
       1       3       1
