       6       9       2
       3       8       8
       2       0       5
       3       2       5
       4       3      10
       2       1       0
       2       4      10
       5       8       2
       3       2       4
       8       2       2
       1       9       4
      12       0       6
      10       1       5
       5       7       1
       4       4       7
       0      17       1
       7       2       3
       9       8       1
       3       3       7
       3       1       2
      13       0       2
      14       0       2
       5      13       2
       5       1      12
       4       6       1
      12       2       1
       4       5       2
       4       5      10
       4       3       3
       3       3       7
      15       0       5
       2       5       6
       3       1       8
       1       5      12
      12       2       4
       1      10       4
       5       8       5
       1       1      16
       7       1       6
       4       1       7
       1       4       0
       1       1      14
       9       2       5
       9       5       5
       3       6       5
       0       3       7
       9       1       3
      10       7       0
       5       9       3
      13       4       1
