       2      13       4
       2       1       7
       3       8       5
      11       3       4
      13       4       2
       5       0       6
       2       4       0
       2      10       6
       6       7       2
      13       1       2
       9       4       3
       6       7       2
       8       6       2
       4       0       7
       5      13       2
       3      10       3
       5      13       0
       1       4       6
       3       6       2
      12       5       0
       1       3       6
       7       3       4
      14       2       2
       5      11       2
      14       3       0
       1       1      13
       5      10       1
       3       3       5
       1       1       6
       3       8       4
       1       4       8
       3       2       0
       3       1       6
       2       1      14
      16       1       2
       6       6       3
       2       6       7
       1      19       0
       2       2       8
       1      13       1
       4       3      13
       2      11       5
       8       9       0
       1      16       0
       1       4       5
       3       1       4
       3       6       0
       7       6       4
       2       4       1
       2      15       1
